WL(nm)	transmission          
2018.0	0.000000000
2019.0	0.000010622
2020.0	0.000012052
2021.0	0.000014693
2022.0	0.000018495
2023.0	0.000019186
2024.0	0.000018851
2025.0	0.000023228
2026.0	0.000028555
2027.0	0.000031276
2028.0	0.000035711
2029.0	0.000042311
2030.0	0.000044448
2031.0	0.000045237
2032.0	0.000044298
2033.0	0.000042583
2034.0	0.000040832
2035.0	0.000046535
2036.0	0.000057788
2037.0	0.000054268
2038.0	0.000045950
2039.0	0.000044294
2040.0	0.000038648
2041.0	0.000031271
2042.0	0.000044617
2043.0	0.000067347
2044.0	0.000079858
2045.0	0.000080909
2046.0	0.000074318
2047.0	0.000059944
2048.0	0.000047015
2049.0	0.000040515
2050.0	0.000036862
2051.0	0.000046670
2052.0	0.000055554
2053.0	0.000059639
2054.0	0.000064257
2055.0	0.000054742
2056.0	0.000045675
2057.0	0.000059606
2058.0	0.000064756
2059.0	0.000063316
2060.0	0.000083859
2061.0	0.000085209
2062.0	0.000066177
2063.0	0.000072675
2064.0	0.000067870
2065.0	0.000035101
2066.0	0.000031777
2067.0	0.000050944
2068.0	0.000063871
2069.0	0.000078794
2070.0	0.000082454
2071.0	0.000072797
2072.0	0.000073415
2073.0	0.000052582
2074.0	0.000043579
2075.0	0.000091932
2076.0	0.000107905
2077.0	0.000070312
2078.0	0.000067636
2079.0	0.000075385
2080.0	0.000053434
2081.0	0.000067835
2082.0	0.000104045
2083.0	0.000099407
2084.0	0.000088871
2085.0	0.000090975
2086.0	0.000080570
2087.0	0.000081886
2088.0	0.000092029
2089.0	0.000073457
2090.0	0.000063955
2091.0	0.000078400
2092.0	0.000078351
2093.0	0.000085621
2094.0	0.000106947
2095.0	0.000123979
2096.0	0.000126889
2097.0	0.000123312
2098.0	0.000134416
2099.0	0.000147317
2100.0	0.000118042
2101.0	0.000085884
2102.0	0.000090958
2103.0	0.000081985
2104.0	0.000086561
2105.0	0.000131218
2106.0	0.000158410
2107.0	0.000163253
2108.0	0.000186390
2109.0	0.000190459
2110.0	0.000178597
2111.0	0.000187446
2112.0	0.000188940
2113.0	0.000196856
2114.0	0.000226261
2115.0	0.000234446
2116.0	0.000215621
2117.0	0.000207153
2118.0	0.000170671
2119.0	0.000142266
2120.0	0.000207586
2121.0	0.000255958
2122.0	0.000275631
2123.0	0.000329311
2124.0	0.000340472
2125.0	0.000283054
2126.0	0.000287213
2127.0	0.000305214
2128.0	0.000303714
2129.0	0.000376237
2130.0	0.000441101
2131.0	0.000471935
2132.0	0.000501527
2133.0	0.000510974
2134.0	0.000522161
2135.0	0.000577032
2136.0	0.000613124
2137.0	0.000645607
2138.0	0.000711444
2139.0	0.000763394
2140.0	0.000797463
2141.0	0.000838604
2142.0	0.000897960
2143.0	0.000953931
2144.0	0.001014965
2145.0	0.001093111
2146.0	0.001192202
2147.0	0.001276603
2148.0	0.001367178
2149.0	0.001457180
2150.0	0.001563905
2151.0	0.001705633
2152.0	0.002659083
2153.0	0.003318459
2154.0	0.002174054
2155.0	0.002123441
2156.0	0.001654175
2157.0	0.001755677
2158.0	0.002823822
2159.0	0.002762649
2160.0	0.003670412
2161.0	0.003799611
2162.0	0.003295198
2163.0	0.002664253
2164.0	0.002588518
2165.0	0.003538549
2166.0	0.003758490
2167.0	0.004203297
2168.0	0.005806988
2169.0	0.006209485
2170.0	0.006571983
2171.0	0.008054260
2172.0	0.009411609
2173.0	0.010338612
2174.0	0.011318760
2175.0	0.013076707
2176.0	0.014773378
2177.0	0.016274683
2178.0	0.018448539
2179.0	0.020754952
2180.0	0.023262803
2181.0	0.025608063
2182.0	0.028578037
2183.0	0.032753140
2184.0	0.038799085
2185.0	0.046713028
2186.0	0.054125782
2187.0	0.061659757
2188.0	0.071644887
2189.0	0.083435647
2190.0	0.096874833
2191.0	0.113073066
2192.0	0.133009866
2193.0	0.157468975
2194.0	0.185267925
2195.0	0.216223359
2196.0	0.252070516
2197.0	0.293201983
2198.0	0.338755339
2199.0	0.389120519
2200.0	0.444450796
2201.0	0.501194298
2202.0	0.558614314
2203.0	0.616205096
2204.0	0.670575559
2205.0	0.722016275
2206.0	0.769127250
2207.0	0.809744537
2208.0	0.843444467
2209.0	0.869845629
2210.0	0.888311863
2211.0	0.901384890
2212.0	0.909578145
2213.0	0.912716925
2214.0	0.911777914
2215.0	0.908512652
2216.0	0.904004395
2217.0	0.897725582
2218.0	0.891535759
2219.0	0.887108505
2220.0	0.881896019
2221.0	0.877268493
2222.0	0.874061406
2223.0	0.872319281
2224.0	0.870754957
2225.0	0.870263159
2226.0	0.872272789
2227.0	0.873943686
2228.0	0.875161827
2229.0	0.877650440
2230.0	0.880758822
2231.0	0.883533597
2232.0	0.885997891
2233.0	0.889613032
2234.0	0.891896665
2235.0	0.893867016
2236.0	0.896205127
2237.0	0.898080647
2238.0	0.898958981
2239.0	0.898913383
2240.0	0.898767471
2241.0	0.898585200
2242.0	0.897342741
2243.0	0.896504223
2244.0	0.895003080
2245.0	0.892983317
2246.0	0.892161369
2247.0	0.890008390
2248.0	0.888064563
2249.0	0.886230946
2250.0	0.884912789
2251.0	0.883503914
2252.0	0.881926954
2253.0	0.881791890
2254.0	0.881599367
2255.0	0.881269634
2256.0	0.882149339
2257.0	0.883657992
2258.0	0.883766234
2259.0	0.884372354
2260.0	0.887159944
2261.0	0.889212310
2262.0	0.889840066
2263.0	0.891891658
2264.0	0.894601762
2265.0	0.896190405
2266.0	0.897364438
2267.0	0.899083614
2268.0	0.900512457
2269.0	0.900557160
2270.0	0.899961174
2271.0	0.899934113
2272.0	0.899060130
2273.0	0.897948742
2274.0	0.895749271
2275.0	0.893340230
2276.0	0.890947044
2277.0	0.887931883
2278.0	0.885095239
2279.0	0.881723821
2280.0	0.878620207
2281.0	0.876136363
2282.0	0.872175217
2283.0	0.869047403
2284.0	0.868040442
2285.0	0.866982102
2286.0	0.865577638
2287.0	0.865240097
2288.0	0.866304934
2289.0	0.867038012
2290.0	0.869555533
2291.0	0.874090970
2292.0	0.877083361
2293.0	0.880517304
2294.0	0.884636700
2295.0	0.887938082
2296.0	0.889921844
2297.0	0.889347434
2298.0	0.886522293
2299.0	0.880169928
2300.0	0.869180679
2301.0	0.852757931
2302.0	0.830587566
2303.0	0.803211093
2304.0	0.769722462
2305.0	0.730408251
2306.0	0.686844647
2307.0	0.639538527
2308.0	0.590689659
2309.0	0.539396048
2310.0	0.487414747
2311.0	0.436334610
2312.0	0.387510836
2313.0	0.341588736
2314.0	0.298969120
2315.0	0.259883642
2316.0	0.224884257
2317.0	0.194437161
2318.0	0.166894376
2319.0	0.142215803
2320.0	0.121112496
2321.0	0.102859698
2322.0	0.087074101
2323.0	0.073550150
2324.0	0.062081512
2325.0	0.051901855
2326.0	0.043651052
2327.0	0.036660556
2328.0	0.030644458
2329.0	0.025845511
2330.0	0.021076664
2331.0	0.016989794
2332.0	0.014114289
2333.0	0.012042599
2334.0	0.010437943
2335.0	0.008921322
2336.0	0.007458534
2337.0	0.005944487
2338.0	0.004450699
2339.0	0.003474032
2340.0	0.003028781
2341.0	0.002721739
2342.0	0.002119005
2343.0	0.001590299
2344.0	0.001148080
2345.0	0.000812288
2346.0	0.000664972
2347.0	0.000536327
2348.0	0.000436712
2349.0	0.000357239
2350.0	0.000288942
2351.0	0.000234529
2352.0	0.000198921
2353.0	0.000165868
2354.0	0.000134646
2355.0	0.000112331
2356.0	0.000095247
2357.0	0.000076986
2358.0	0.000063022
2359.0	0.000054812
2360.0	0.000044763
2361.0	0.000036253
2362.0	0.000031413
2363.0	0.000027932
2364.0	0.000024720
2365.0	0.000021918
2366.0	0.000019485
2367.0	0.000017126
2368.0	0.000013251
2369.0	0.000011558
2370.0	0.000009726
2371.0	0.000009200
2372.0	0.000007020
2373.0	0.000006293
2374.0	0.000006106
2375.0	0.000005039
2376.0	0.000004325
2377.0	0.000004061
2378.0	0.000003230
2379.0	0.000002355
2380.0	0.000002041
2381.0	0.000002160
2382.0	0.000002179
2383.0	0.000001542
2384.0	0.000001325
2385.0	0.000001271
2386.0	0.000000868
2387.0	0.000000000